totalTime:24.743
leftNum:50000rightNum:50000leftCopyNum:574379rightCopyNum:50085leftCopyRate:11.48758rightCopyRate:1.0017hitNum:324hitRate:0.00648
